{
 "cells": [
  {
   "cell_type": "code",
   "execution_count": 108,
   "metadata": {
    "collapsed": false
   },
   "outputs": [
    {
     "data": {
      "text/plain": [
       "'0.2.14'"
      ]
     },
     "execution_count": 108,
     "metadata": {},
     "output_type": "execute_result"
    }
   ],
   "source": [
    "import numpy as np\n",
    "nx = None\n",
    "import qpms\n",
    "import spherical_functions as sf, quaternion\n",
    "qpms.__version__"
   ]
  },
  {
   "cell_type": "code",
   "execution_count": 470,
   "metadata": {
    "collapsed": false
   },
   "outputs": [],
   "source": [
    "lMax=2\n",
    "tc = qpms.trans_calculator(lMax)\n",
    "my, ny = qpms.get_mn_y(lMax)\n",
    "nelem = len(my)\n",
    "J=2"
   ]
  },
  {
   "cell_type": "code",
   "execution_count": 471,
   "metadata": {
    "collapsed": false
   },
   "outputs": [
    {
     "data": {
      "text/plain": [
       "array([[ 0,  0, -1,  0,  0,  0,  0,  0,  0,  0,  0,  0,  0,  0,  0,  0],\n",
       "       [ 0,  1,  0,  0,  0,  0,  0,  0,  0,  0,  0,  0,  0,  0,  0,  0],\n",
       "       [-1,  0,  0,  0,  0,  0,  0,  0,  0,  0,  0,  0,  0,  0,  0,  0],\n",
       "       [ 0,  0,  0,  0,  0,  0,  0,  1,  0,  0,  0,  0,  0,  0,  0,  0],\n",
       "       [ 0,  0,  0,  0,  0,  0, -1,  0,  0,  0,  0,  0,  0,  0,  0,  0],\n",
       "       [ 0,  0,  0,  0,  0,  1,  0,  0,  0,  0,  0,  0,  0,  0,  0,  0],\n",
       "       [ 0,  0,  0,  0, -1,  0,  0,  0,  0,  0,  0,  0,  0,  0,  0,  0],\n",
       "       [ 0,  0,  0,  1,  0,  0,  0,  0,  0,  0,  0,  0,  0,  0,  0,  0],\n",
       "       [ 0,  0,  0,  0,  0,  0,  0,  0,  0,  0,  1,  0,  0,  0,  0,  0],\n",
       "       [ 0,  0,  0,  0,  0,  0,  0,  0,  0, -1,  0,  0,  0,  0,  0,  0],\n",
       "       [ 0,  0,  0,  0,  0,  0,  0,  0,  1,  0,  0,  0,  0,  0,  0,  0],\n",
       "       [ 0,  0,  0,  0,  0,  0,  0,  0,  0,  0,  0,  0,  0,  0,  0, -1],\n",
       "       [ 0,  0,  0,  0,  0,  0,  0,  0,  0,  0,  0,  0,  0,  0,  1,  0],\n",
       "       [ 0,  0,  0,  0,  0,  0,  0,  0,  0,  0,  0,  0,  0, -1,  0,  0],\n",
       "       [ 0,  0,  0,  0,  0,  0,  0,  0,  0,  0,  0,  0,  1,  0,  0,  0],\n",
       "       [ 0,  0,  0,  0,  0,  0,  0,  0,  0,  0,  0, -1,  0,  0,  0,  0]])"
      ]
     },
     "execution_count": 471,
     "metadata": {},
     "output_type": "execute_result"
    }
   ],
   "source": [
    "qpms.yflip_tyty(lMax).reshape((2*nelem,2*nelem))"
   ]
  },
  {
   "cell_type": "code",
   "execution_count": 553,
   "metadata": {
    "collapsed": false
   },
   "outputs": [],
   "source": [
    "#d1_cart = np.array([1.02,0,0])\n",
    "d1_cart = np.random.normal(scale=10, size=(3,)) # translation vector in basis 1\n",
    "rot21_cart = np.array([np.pi*2**(.5),np.pi*2**(.5),0])\n",
    "#rot21_cart= np.random.normal(size=(3,)) # random rotation vector\n",
    "rot21_quat = quaternion.from_rotation_vector(rot21_cart)\n",
    "rot21_matrix = quaternion.as_rotation_matrix(rot21_quat) # rotation matrix from basis 1 to basis 2\n",
    "d2_cart = np.dot(rot21_matrix, d1_cart) # translation vector in basis 2\n",
    "D21_yy = qpms.WignerD_yy_fromvector(lMax,rot21_cart)\n",
    "D12_yy = qpms.WignerD_yy_fromvector(lMax,-rot21_cart)\n",
    "\n",
    "d1_sph = qpms.cart2sph(d1_cart)\n",
    "r1, th1, fi1 = d1_sph\n",
    "d2_sph = qpms.cart2sph(d2_cart)\n",
    "r2, th2, fi2 = d2_sph\n",
    "\n",
    "#S1 = tc.get_AB_arrays(np.array(r1), np.array(th1), np.array(fi1), np.array(True), 3)\n",
    "SS1A, SS1B = tc.get_AB(my[:,nx], ny[:,nx], my[nx,:], ny[nx,:], np.array(r1), np.array(th1), np.array(fi1), np.array(True), J)\n",
    "\n",
    "#S2 = tc.get_AB_arrays(np.array(r2), np.array(th2), np.array(fi2), np.array(True), 3)\n",
    "SS2A, SS2B = tc.get_AB(my[:,nx], ny[:,nx], my[nx,:], ny[nx,:], np.array(r2), np.array(th2), np.array(fi2), np.array(True), J)\n",
    "\n"
   ]
  },
  {
   "cell_type": "code",
   "execution_count": 554,
   "metadata": {
    "collapsed": true
   },
   "outputs": [],
   "source": [
    "np.set_printoptions(precision=5, linewidth=200)"
   ]
  },
  {
   "cell_type": "code",
   "execution_count": 555,
   "metadata": {
    "collapsed": false
   },
   "outputs": [
    {
     "data": {
      "text/plain": [
       "True"
      ]
     },
     "execution_count": 555,
     "metadata": {},
     "output_type": "execute_result"
    }
   ],
   "source": [
    "( #test for unitarity of the Wigner matrix\n",
    "    np.all(np.isclose(D12_yy.conj().T,D21_yy)) and  \n",
    "    np.all(np.isclose(np.dot(D12_yy,D21_yy), np.eye(nelem))) \n",
    ")"
   ]
  },
  {
   "cell_type": "code",
   "execution_count": 556,
   "metadata": {
    "collapsed": false
   },
   "outputs": [
    {
     "data": {
      "text/plain": [
       "6.9388939039072284e-17"
      ]
     },
     "execution_count": 556,
     "metadata": {},
     "output_type": "execute_result"
    }
   ],
   "source": [
    "# The \"vector\" part\n",
    "S2nA = np.dot(np.dot(D21_yy, SS1A), D12_yy) # FIXME!!!\n",
    "#S2nA = np.dot(np.dot(D12_yy, SS1A), D21_yy) # FIXME!!!\n",
    "np.amax(np.abs(S2nA-SS2A))"
   ]
  },
  {
   "cell_type": "code",
   "execution_count": 552,
   "metadata": {
    "collapsed": false
   },
   "outputs": [
    {
     "data": {
      "text/plain": [
       "1.0824445654829598"
      ]
     },
     "execution_count": 552,
     "metadata": {},
     "output_type": "execute_result"
    }
   ],
   "source": [
    "th2"
   ]
  },
  {
   "cell_type": "code",
   "execution_count": 537,
   "metadata": {
    "collapsed": false
   },
   "outputs": [
    {
     "data": {
      "text/plain": [
       "array([[ -2.78373e-20,   1.49223e+00,   2.98446e+00,  -1.49223e+00,  -3.14159e+00,  -1.64936e+00,  -1.57132e-01,   1.33510e+00],\n",
       "       [ -1.49223e+00,   3.66203e-19,  -1.64936e+00,  -2.98446e+00,   1.64936e+00,   6.16439e-19,   1.49223e+00,   2.98446e+00],\n",
       "       [ -2.98446e+00,   1.64936e+00,  -4.74165e-20,   1.80649e+00,   1.57132e-01,  -1.49223e+00,  -3.14159e+00,  -1.64936e+00],\n",
       "       [ -1.64936e+00,  -1.57132e-01,   1.33510e+00,   2.80080e-18,  -1.64936e+00,  -1.57132e-01,   1.33510e+00,   2.82733e+00],\n",
       "       [  2.22086e-18,   1.49223e+00,   2.98446e+00,   1.64936e+00,  -1.04767e-18,   1.49223e+00,   2.98446e+00,  -1.80649e+00],\n",
       "       [ -1.49223e+00,  -3.14159e+00,  -1.64936e+00,   1.57132e-01,  -1.49223e+00,   1.43267e-18,  -1.64936e+00,  -1.57132e-01],\n",
       "       [ -2.98446e+00,   1.64936e+00,   1.13616e-18,  -1.33510e+00,  -2.98446e+00,   1.64936e+00,  -7.91427e-19,   1.49223e+00],\n",
       "       [  1.80649e+00,   1.57132e-01,  -1.49223e+00,  -2.82733e+00,   1.80649e+00,   1.57132e-01,  -1.49223e+00,   3.13658e-18]])"
      ]
     },
     "execution_count": 537,
     "metadata": {},
     "output_type": "execute_result"
    }
   ],
   "source": [
    "np.angle(S2nA)"
   ]
  },
  {
   "cell_type": "code",
   "execution_count": 538,
   "metadata": {
    "collapsed": false
   },
   "outputs": [
    {
     "data": {
      "text/plain": [
       "array([[ 0.     ,  1.49223,  2.98446, -1.49223,  3.14159, -1.64936, -0.15713,  1.3351 ],\n",
       "       [-1.49223,  0.     , -1.64936, -2.98446,  1.64936,  0.     ,  1.49223,  2.98446],\n",
       "       [-2.98446,  1.64936,  0.     ,  1.80649,  0.15713, -1.49223,  3.14159, -1.64936],\n",
       "       [-1.64936, -0.15713,  1.3351 ,  0.     , -1.64936, -0.15713,  1.3351 ,  2.82733],\n",
       "       [ 0.     ,  1.49223,  2.98446,  1.64936,  0.     ,  1.49223,  2.98446, -1.80649],\n",
       "       [-1.49223,  3.14159, -1.64936,  0.15713, -1.49223,  0.     , -1.64936, -0.15713],\n",
       "       [-2.98446,  1.64936,  0.     , -1.3351 , -2.98446,  1.64936,  0.     ,  1.49223],\n",
       "       [ 1.80649,  0.15713, -1.49223, -2.82733,  1.80649,  0.15713, -1.49223,  0.     ]])"
      ]
     },
     "execution_count": 538,
     "metadata": {},
     "output_type": "execute_result"
    }
   ],
   "source": [
    "np.angle(SS2A)"
   ]
  },
  {
   "cell_type": "code",
   "execution_count": 539,
   "metadata": {
    "collapsed": false
   },
   "outputs": [
    {
     "data": {
      "text/plain": [
       "array([[ 0.     ,  1.48964,  2.97929, -1.48964,  3.14159, -1.65195, -0.1623 ,  1.32734],\n",
       "       [-1.48964,  0.     , -1.65195, -2.97929,  1.65195,  0.     ,  1.48964,  2.97929],\n",
       "       [-2.97929,  1.65195,  0.     ,  1.81425,  0.1623 , -1.48964,  3.14159, -1.65195],\n",
       "       [-1.65195, -0.1623 ,  1.32734,  0.     , -1.65195, -0.1623 ,  1.32734,  2.81698],\n",
       "       [ 0.     ,  1.48964,  2.97929,  1.65195,  0.     ,  1.48964,  2.97929, -1.81425],\n",
       "       [-1.48964,  3.14159, -1.65195,  0.1623 , -1.48964,  0.     , -1.65195, -0.1623 ],\n",
       "       [-2.97929,  1.65195,  0.     , -1.32734, -2.97929,  1.65195,  0.     ,  1.48964],\n",
       "       [ 1.81425,  0.1623 , -1.48964, -2.81698,  1.81425,  0.1623 , -1.48964,  0.     ]])"
      ]
     },
     "execution_count": 539,
     "metadata": {},
     "output_type": "execute_result"
    }
   ],
   "source": [
    "np.angle(SS1A)"
   ]
  },
  {
   "cell_type": "code",
   "execution_count": 540,
   "metadata": {
    "collapsed": false
   },
   "outputs": [
    {
     "data": {
      "text/plain": [
       "array([[  0.00000e+00,  -3.14159e+00,   2.44929e-16,   0.00000e+00,   0.00000e+00,   0.00000e+00,   0.00000e+00,   0.00000e+00],\n",
       "       [ -1.22465e-16,   0.00000e+00,  -3.14159e+00,   0.00000e+00,   0.00000e+00,   0.00000e+00,   0.00000e+00,   0.00000e+00],\n",
       "       [ -2.44929e-16,  -1.22465e-16,   0.00000e+00,   0.00000e+00,   0.00000e+00,   0.00000e+00,   0.00000e+00,   0.00000e+00],\n",
       "       [  0.00000e+00,   0.00000e+00,   0.00000e+00,   0.00000e+00,  -3.14159e+00,   2.44929e-16,  -3.14159e+00,   4.89859e-16],\n",
       "       [  0.00000e+00,   0.00000e+00,   0.00000e+00,  -1.22465e-16,   0.00000e+00,  -3.14159e+00,   2.44929e-16,  -3.14159e+00],\n",
       "       [  0.00000e+00,   0.00000e+00,   0.00000e+00,  -2.44929e-16,  -1.22465e-16,   0.00000e+00,  -3.14159e+00,   2.44929e-16],\n",
       "       [  0.00000e+00,   0.00000e+00,   0.00000e+00,  -3.67394e-16,  -2.44929e-16,  -1.22465e-16,   0.00000e+00,  -3.14159e+00],\n",
       "       [  0.00000e+00,   0.00000e+00,   0.00000e+00,  -4.89859e-16,  -3.67394e-16,  -2.44929e-16,  -1.22465e-16,   0.00000e+00]])"
      ]
     },
     "execution_count": 540,
     "metadata": {},
     "output_type": "execute_result"
    }
   ],
   "source": [
    "np.angle(D12_yy)"
   ]
  },
  {
   "cell_type": "code",
   "execution_count": 541,
   "metadata": {
    "collapsed": false
   },
   "outputs": [
    {
     "data": {
      "text/plain": [
       "array([[ 0.06885,  0.01755,  0.00478,  0.00253,  0.00455,  0.00931,  0.00406,  0.00078],\n",
       "       [ 0.01755,  0.00926,  0.01755,  0.00287,  0.01254,  0.01926,  0.01254,  0.00287],\n",
       "       [ 0.00478,  0.01755,  0.06885,  0.00078,  0.00406,  0.00931,  0.00455,  0.00253],\n",
       "       [ 0.00084,  0.00096,  0.00026,  0.01502,  0.03473,  0.01601,  0.00498,  0.00096],\n",
       "       [ 0.00152,  0.00418,  0.00135,  0.03473,  0.08551,  0.03441,  0.01816,  0.00498],\n",
       "       [ 0.0031 ,  0.00642,  0.0031 ,  0.01601,  0.03441,  0.04386,  0.03441,  0.01601],\n",
       "       [ 0.00135,  0.00418,  0.00152,  0.00498,  0.01816,  0.03441,  0.08551,  0.03473],\n",
       "       [ 0.00026,  0.00096,  0.00084,  0.00096,  0.00498,  0.01601,  0.03473,  0.01502]])"
      ]
     },
     "execution_count": 541,
     "metadata": {},
     "output_type": "execute_result"
    }
   ],
   "source": [
    "np.abs(SS1A)"
   ]
  },
  {
   "cell_type": "code",
   "execution_count": 542,
   "metadata": {
    "collapsed": false,
    "scrolled": true
   },
   "outputs": [
    {
     "data": {
      "text/plain": [
       "array([[  2.77556e-17,   1.95156e-18,   3.51154e-18,   1.89735e-19,   9.54098e-18,   1.89348e-18,   9.69740e-19,   1.20762e-18],\n",
       "       [  1.95156e-18,   1.73472e-17,   1.95156e-18,   1.78811e-18,   3.87896e-18,   2.42861e-17,   1.51788e-18,   1.78811e-18],\n",
       "       [  2.68217e-18,   1.95156e-18,   2.77556e-17,   1.20030e-18,   1.76495e-18,   3.63491e-18,   1.04083e-17,   5.26285e-19],\n",
       "       [  9.48677e-20,   6.59494e-19,   2.79393e-19,   2.08167e-17,   3.46945e-18,   7.15245e-18,   7.88119e-18,   1.84633e-18],\n",
       "       [  3.25261e-18,   1.80203e-18,   1.09633e-18,   7.96132e-18,   5.55112e-17,   7.96132e-18,   4.33681e-18,   8.77065e-18],\n",
       "       [  5.26285e-19,   6.07153e-18,   5.42101e-19,   1.07287e-17,   8.67362e-18,   6.24501e-17,   4.33681e-18,   1.41196e-17],\n",
       "       [  1.10068e-18,   1.78811e-18,   3.25261e-18,   6.25839e-18,   4.90654e-18,   1.45396e-17,   5.55112e-17,   3.46945e-18],\n",
       "       [  3.29747e-19,   5.52837e-19,   2.36685e-19,   1.85586e-18,   6.20937e-18,   7.41074e-18,   7.75792e-18,   2.08167e-17]])"
      ]
     },
     "execution_count": 542,
     "metadata": {},
     "output_type": "execute_result"
    }
   ],
   "source": [
    "np.abs(S2nA-SS2A)"
   ]
  },
  {
   "cell_type": "code",
   "execution_count": 543,
   "metadata": {
    "collapsed": false
   },
   "outputs": [
    {
     "data": {
      "text/plain": [
       "array([[  6.88511e-02+0.j     ,   1.37697e-03+0.01749j,  -4.72210e-03+0.00075j,   1.98936e-04-0.00253j,  -4.54841e-03+0.j     ,  -7.30791e-04-0.00928j,   4.00714e-03-0.00063j,   1.82564e-04+0.00076j],\n",
       "       [  1.37697e-03-0.01749j,   9.25206e-03+0.j     ,  -1.37697e-03-0.01749j,  -2.83348e-03-0.00045j,  -9.84429e-04+0.0125j ,   1.92629e-02+0.j     ,   9.84429e-04+0.0125j ,  -2.83348e-03+0.00045j],\n",
       "       [ -4.72210e-03-0.00075j,  -1.37697e-03+0.01749j,   6.88511e-02+0.j     ,  -1.82564e-04+0.00076j,   4.00714e-03+0.00063j,   7.30791e-04-0.00928j,  -4.54841e-03+0.j     ,  -1.98936e-04-0.00253j],\n",
       "       [ -6.63120e-05-0.00084j,   9.44492e-04-0.00015j,   6.08547e-05+0.00025j,   1.50170e-02+0.j     ,  -2.72536e-03-0.03462j,   1.58024e-02-0.0025j ,   1.16133e-03+0.00484j,  -9.11356e-04+0.0003j ],\n",
       "       [  1.51614e-03+0.j     ,   3.28143e-04+0.00417j,  -1.33571e-03+0.00021j,  -2.72536e-03+0.03462j,   8.55241e-02+0.j     ,   2.70078e-03+0.03431j,  -1.79351e-02+0.00284j,  -1.16133e-03-0.00484j],\n",
       "       [  2.43597e-04-0.00309j,  -6.42095e-03+0.j     ,  -2.43597e-04-0.00309j,   1.58024e-02+0.0025j ,   2.70078e-03-0.03431j,   4.38416e-02+0.j     ,  -2.70078e-03-0.03431j,   1.58024e-02-0.0025j ],\n",
       "       [ -1.33571e-03-0.00021j,  -3.28143e-04+0.00417j,   1.51614e-03+0.j     ,   1.16133e-03-0.00484j,  -1.79351e-02-0.00284j,  -2.70078e-03+0.03431j,   8.55241e-02+0.j     ,   2.72536e-03+0.03462j],\n",
       "       [ -6.08547e-05+0.00025j,   9.44492e-04+0.00015j,   6.63120e-05-0.00084j,  -9.11356e-04-0.0003j ,  -1.16133e-03+0.00484j,   1.58024e-02+0.0025j ,   2.72536e-03-0.03462j,   1.50170e-02+0.j     ]])"
      ]
     },
     "execution_count": 543,
     "metadata": {},
     "output_type": "execute_result"
    }
   ],
   "source": [
    "SS2A"
   ]
  },
  {
   "cell_type": "code",
   "execution_count": 544,
   "metadata": {
    "collapsed": false
   },
   "outputs": [
    {
     "data": {
      "text/plain": [
       "array([[  6.88511e-02 -1.91663e-21j,   1.37697e-03 +1.74901e-02j,  -4.72210e-03 +7.48162e-04j,   1.98936e-04 -2.52687e-03j,  -4.54841e-03 -2.15827e-21j,  -7.30791e-04 -9.28245e-03j,\n",
       "          4.00714e-03 -6.34885e-04j,   1.82564e-04 +7.60169e-04j],\n",
       "       [  1.37697e-03 -1.74901e-02j,   9.25206e-03 +3.38813e-21j,  -1.37697e-03 -1.74901e-02j,  -2.83348e-03 -4.48932e-04j,  -9.84429e-04 +1.25041e-02j,   1.92629e-02 +1.18744e-20j,\n",
       "          9.84429e-04 +1.25041e-02j,  -2.83348e-03 +4.48932e-04j],\n",
       "       [ -4.72210e-03 -7.48162e-04j,  -1.37697e-03 +1.74901e-02j,   6.88511e-02 -3.26468e-21j,  -1.82564e-04 +7.60169e-04j,   4.00714e-03 +6.34885e-04j,   7.30791e-04 -9.28245e-03j,\n",
       "         -4.54841e-03 -9.40289e-21j,  -1.98936e-04 -2.52687e-03j],\n",
       "       [ -6.63120e-05 -8.42290e-04j,   9.44492e-04 -1.49644e-04j,   6.08547e-05 +2.53390e-04j,   1.50170e-02 +4.20596e-20j,  -2.72536e-03 -3.46173e-02j,   1.58024e-02 -2.50371e-03j,\n",
       "          1.16133e-03 +4.83561e-03j,  -9.11356e-04 +2.96224e-04j],\n",
       "       [  1.51614e-03 +3.36712e-21j,   3.28143e-04 +4.16805e-03j,  -1.33571e-03 +2.11628e-04j,  -2.72536e-03 +3.46173e-02j,   8.55241e-02 -8.96010e-20j,   2.70078e-03 +3.43051e-02j,\n",
       "         -1.79351e-02 +2.84161e-03j,  -1.16133e-03 -4.83561e-03j],\n",
       "       [  2.43597e-04 -3.09415e-03j,  -6.42095e-03 -5.50571e-21j,  -2.43597e-04 -3.09415e-03j,   1.58024e-02 +2.50371e-03j,   2.70078e-03 -3.43051e-02j,   4.38416e-02 +6.28105e-20j,\n",
       "         -2.70078e-03 -3.43051e-02j,   1.58024e-02 -2.50371e-03j],\n",
       "       [ -1.33571e-03 -2.11628e-04j,  -3.28143e-04 +4.16805e-03j,   1.51614e-03 +1.72257e-21j,   1.16133e-03 -4.83561e-03j,  -1.79351e-02 -2.84161e-03j,  -2.70078e-03 +3.43051e-02j,\n",
       "          8.55241e-02 -6.76861e-20j,   2.72536e-03 +3.46173e-02j],\n",
       "       [ -6.08547e-05 +2.53390e-04j,   9.44492e-04 +1.49644e-04j,   6.63120e-05 -8.42290e-04j,  -9.11356e-04 -2.96224e-04j,  -1.16133e-03 +4.83561e-03j,   1.58024e-02 +2.50371e-03j,\n",
       "          2.72536e-03 -3.46173e-02j,   1.50170e-02 +4.71019e-20j]])"
      ]
     },
     "execution_count": 544,
     "metadata": {},
     "output_type": "execute_result"
    }
   ],
   "source": [
    "S2nA"
   ]
  },
  {
   "cell_type": "code",
   "execution_count": 545,
   "metadata": {
    "collapsed": false
   },
   "outputs": [
    {
     "data": {
      "text/plain": [
       "array([[  1.00000e+00 +0.00000e+00j,  -7.07107e-04 -8.65956e-20j,   2.50000e-07 +6.12323e-23j,   0.00000e+00 +0.00000e+00j,   0.00000e+00 +0.00000e+00j,   0.00000e+00 +0.00000e+00j,\n",
       "          0.00000e+00 +0.00000e+00j,   0.00000e+00 +0.00000e+00j],\n",
       "       [  7.07107e-04 -8.65956e-20j,   1.00000e+00 +0.00000e+00j,  -7.07107e-04 -8.65956e-20j,   0.00000e+00 +0.00000e+00j,   0.00000e+00 +0.00000e+00j,   0.00000e+00 +0.00000e+00j,\n",
       "          0.00000e+00 +0.00000e+00j,   0.00000e+00 +0.00000e+00j],\n",
       "       [  2.50000e-07 -6.12323e-23j,   7.07107e-04 -8.65956e-20j,   1.00000e+00 +0.00000e+00j,   0.00000e+00 +0.00000e+00j,   0.00000e+00 +0.00000e+00j,   0.00000e+00 +0.00000e+00j,\n",
       "          0.00000e+00 +0.00000e+00j,   0.00000e+00 +0.00000e+00j],\n",
       "       [  0.00000e+00 +0.00000e+00j,   0.00000e+00 +0.00000e+00j,   0.00000e+00 +0.00000e+00j,   1.00000e+00 +0.00000e+00j,  -1.00000e-03 -1.22465e-19j,   6.12372e-07 +1.49988e-22j,\n",
       "         -2.50000e-10 -9.18485e-26j,   6.25000e-14 +3.06162e-29j],\n",
       "       [  0.00000e+00 +0.00000e+00j,   0.00000e+00 +0.00000e+00j,   0.00000e+00 +0.00000e+00j,   1.00000e-03 -1.22465e-19j,   9.99999e-01 +0.00000e+00j,  -1.22474e-03 -1.49988e-19j,\n",
       "          7.50000e-07 +1.83697e-22j,  -2.50000e-10 -9.18485e-26j],\n",
       "       [  0.00000e+00 +0.00000e+00j,   0.00000e+00 +0.00000e+00j,   0.00000e+00 +0.00000e+00j,   6.12372e-07 -1.49988e-22j,   1.22474e-03 -1.49988e-19j,   9.99999e-01 +0.00000e+00j,\n",
       "         -1.22474e-03 -1.49988e-19j,   6.12372e-07 +1.49988e-22j],\n",
       "       [  0.00000e+00 +0.00000e+00j,   0.00000e+00 +0.00000e+00j,   0.00000e+00 +0.00000e+00j,   2.50000e-10 -9.18485e-26j,   7.50000e-07 -1.83697e-22j,   1.22474e-03 -1.49988e-19j,\n",
       "          9.99999e-01 +0.00000e+00j,  -1.00000e-03 -1.22465e-19j],\n",
       "       [  0.00000e+00 +0.00000e+00j,   0.00000e+00 +0.00000e+00j,   0.00000e+00 +0.00000e+00j,   6.25000e-14 -3.06162e-29j,   2.50000e-10 -9.18485e-26j,   6.12372e-07 -1.49988e-22j,\n",
       "          1.00000e-03 -1.22465e-19j,   1.00000e+00 +0.00000e+00j]])"
      ]
     },
     "execution_count": 545,
     "metadata": {},
     "output_type": "execute_result"
    }
   ],
   "source": [
    "D12_yy"
   ]
  },
  {
   "cell_type": "code",
   "execution_count": 546,
   "metadata": {
    "collapsed": false
   },
   "outputs": [
    {
     "data": {
      "text/plain": [
       "0.70710678118654746"
      ]
     },
     "execution_count": 546,
     "metadata": {},
     "output_type": "execute_result"
    }
   ],
   "source": [
    "1/np.sqrt(2)"
   ]
  },
  {
   "cell_type": "code",
   "execution_count": 547,
   "metadata": {
    "collapsed": false
   },
   "outputs": [
    {
     "data": {
      "text/plain": [
       "1.7320508075688772"
      ]
     },
     "execution_count": 547,
     "metadata": {},
     "output_type": "execute_result"
    }
   ],
   "source": [
    "np.sqrt(3)"
   ]
  },
  {
   "cell_type": "code",
   "execution_count": null,
   "metadata": {
    "collapsed": true
   },
   "outputs": [],
   "source": []
  },
  {
   "cell_type": "code",
   "execution_count": null,
   "metadata": {
    "collapsed": true
   },
   "outputs": [],
   "source": []
  }
 ],
 "metadata": {
  "anaconda-cloud": {},
  "kernelspec": {
   "display_name": "Python [conda root]",
   "language": "python",
   "name": "conda-root-py"
  },
  "language_info": {
   "codemirror_mode": {
    "name": "ipython",
    "version": 3
   },
   "file_extension": ".py",
   "mimetype": "text/x-python",
   "name": "python",
   "nbconvert_exporter": "python",
   "pygments_lexer": "ipython3",
   "version": "3.5.2"
  }
 },
 "nbformat": 4,
 "nbformat_minor": 2
}
